2025/11/04-09:37:39.791090 1fd4 RocksDB version: 9.7.3
2025/11/04-09:37:39.791213 1fd4 Git sha 0e2801ac30b3f283c3b14e523ba3667eca024f09
2025/11/04-09:37:39.791244 1fd4 Compile date 2024-10-25 18:33:05
2025/11/04-09:37:39.791275 1fd4 DB SUMMARY
2025/11/04-09:37:39.791294 1fd4 Host name (Env):  PC1FBD3Z
2025/11/04-09:37:39.791309 1fd4 DB Session ID:  R5BXPZ7ESS4LHWDF2V5H
2025/11/04-09:37:39.793031 1fd4 CURRENT file:  CURRENT
2025/11/04-09:37:39.793058 1fd4 IDENTITY file:  IDENTITY
2025/11/04-09:37:39.793157 1fd4 MANIFEST file:  MANIFEST-000116 size: 5034 Bytes
2025/11/04-09:37:39.793187 1fd4 SST files in C:\Users\SA01\BOECHAIN\node2\data\database dir, Total Num: 15, files: 000090.sst 000091.sst 000096.sst 000097.sst 000099.sst 000100.sst 000109.sst 000110.sst 000111.sst 
2025/11/04-09:37:39.793346 1fd4 Write Ahead Log file in C:\Users\SA01\BOECHAIN\node2\data\database: 000115.log size: 1019717 ; 
2025/11/04-09:37:39.793364 1fd4                         Options.error_if_exists: 0
2025/11/04-09:37:39.793371 1fd4                       Options.create_if_missing: 1
2025/11/04-09:37:39.793377 1fd4                         Options.paranoid_checks: 1
2025/11/04-09:37:39.793382 1fd4             Options.flush_verify_memtable_count: 1
2025/11/04-09:37:39.793387 1fd4          Options.compaction_verify_record_count: 1
2025/11/04-09:37:39.793393 1fd4                               Options.track_and_verify_wals_in_manifest: 0
2025/11/04-09:37:39.793399 1fd4        Options.verify_sst_unique_id_in_manifest: 1
2025/11/04-09:37:39.793405 1fd4                                     Options.env: 00000251EAEE0DF0
2025/11/04-09:37:39.793411 1fd4                                      Options.fs: WinFS
2025/11/04-09:37:39.793416 1fd4                                Options.info_log: 00000251EB2260E0
2025/11/04-09:37:39.793422 1fd4                Options.max_file_opening_threads: 16
2025/11/04-09:37:39.793428 1fd4                              Options.statistics: 00000251EB444490
2025/11/04-09:37:39.793447 1fd4                              Options.statistics stats level: 3
2025/11/04-09:37:39.793453 1fd4                               Options.use_fsync: 0
2025/11/04-09:37:39.793459 1fd4                       Options.max_log_file_size: 0
2025/11/04-09:37:39.793465 1fd4                  Options.max_manifest_file_size: 1073741824
2025/11/04-09:37:39.793471 1fd4                   Options.log_file_time_to_roll: 86400
2025/11/04-09:37:39.793477 1fd4                       Options.keep_log_file_num: 7
2025/11/04-09:37:39.793482 1fd4                    Options.recycle_log_file_num: 16
2025/11/04-09:37:39.793487 1fd4                         Options.allow_fallocate: 1
2025/11/04-09:37:39.793493 1fd4                        Options.allow_mmap_reads: 0
2025/11/04-09:37:39.793498 1fd4                       Options.allow_mmap_writes: 0
2025/11/04-09:37:39.793504 1fd4                        Options.use_direct_reads: 0
2025/11/04-09:37:39.793510 1fd4                        Options.use_direct_io_for_flush_and_compaction: 0
2025/11/04-09:37:39.793515 1fd4          Options.create_missing_column_families: 1
2025/11/04-09:37:39.793521 1fd4                              Options.db_log_dir: 
2025/11/04-09:37:39.793526 1fd4                                 Options.wal_dir: 
2025/11/04-09:37:39.793532 1fd4                Options.table_cache_numshardbits: 6
2025/11/04-09:37:39.793537 1fd4                         Options.WAL_ttl_seconds: 0
2025/11/04-09:37:39.793542 1fd4                       Options.WAL_size_limit_MB: 0
2025/11/04-09:37:39.793548 1fd4                        Options.max_write_batch_group_size_bytes: 1048576
2025/11/04-09:37:39.793554 1fd4             Options.manifest_preallocation_size: 4194304
2025/11/04-09:37:39.793560 1fd4                     Options.is_fd_close_on_exec: 1
2025/11/04-09:37:39.793565 1fd4                   Options.advise_random_on_open: 1
2025/11/04-09:37:39.793571 1fd4                    Options.db_write_buffer_size: 0
2025/11/04-09:37:39.793576 1fd4                    Options.write_buffer_manager: 00000251EC141130
2025/11/04-09:37:39.793582 1fd4           Options.random_access_max_buffer_size: 1048576
2025/11/04-09:37:39.793624 1fd4                      Options.use_adaptive_mutex: 0
2025/11/04-09:37:39.793634 1fd4                            Options.rate_limiter: 0000000000000000
2025/11/04-09:37:39.793640 1fd4     Options.sst_file_manager.rate_bytes_per_sec: 0
2025/11/04-09:37:39.793646 1fd4                       Options.wal_recovery_mode: 2
2025/11/04-09:37:39.793651 1fd4                  Options.enable_thread_tracking: 0
2025/11/04-09:37:39.793657 1fd4                  Options.enable_pipelined_write: 0
2025/11/04-09:37:39.793662 1fd4                  Options.unordered_write: 0
2025/11/04-09:37:39.793668 1fd4         Options.allow_concurrent_memtable_write: 1
2025/11/04-09:37:39.793674 1fd4      Options.enable_write_thread_adaptive_yield: 1
2025/11/04-09:37:39.793691 1fd4             Options.write_thread_max_yield_usec: 100
2025/11/04-09:37:39.793699 1fd4            Options.write_thread_slow_yield_usec: 3
2025/11/04-09:37:39.793705 1fd4                               Options.row_cache: None
2025/11/04-09:37:39.793711 1fd4                              Options.wal_filter: None
2025/11/04-09:37:39.793716 1fd4             Options.avoid_flush_during_recovery: 0
2025/11/04-09:37:39.793722 1fd4             Options.allow_ingest_behind: 0
2025/11/04-09:37:39.793727 1fd4             Options.two_write_queues: 0
2025/11/04-09:37:39.793733 1fd4             Options.manual_wal_flush: 0
2025/11/04-09:37:39.793738 1fd4             Options.wal_compression: 0
2025/11/04-09:37:39.793743 1fd4             Options.background_close_inactive_wals: 0
2025/11/04-09:37:39.793749 1fd4             Options.atomic_flush: 0
2025/11/04-09:37:39.793754 1fd4             Options.avoid_unnecessary_blocking_io: 0
2025/11/04-09:37:39.793760 1fd4             Options.prefix_seek_opt_in_only: 0
2025/11/04-09:37:39.793766 1fd4                 Options.persist_stats_to_disk: 0
2025/11/04-09:37:39.793772 1fd4                 Options.write_dbid_to_manifest: 1
2025/11/04-09:37:39.793778 1fd4                 Options.write_identity_file: 1
2025/11/04-09:37:39.793783 1fd4                 Options.log_readahead_size: 0
2025/11/04-09:37:39.793789 1fd4                 Options.file_checksum_gen_factory: Unknown
2025/11/04-09:37:39.793795 1fd4                 Options.best_efforts_recovery: 0
2025/11/04-09:37:39.793800 1fd4                Options.max_bgerror_resume_count: 2147483647
2025/11/04-09:37:39.793806 1fd4            Options.bgerror_resume_retry_interval: 1000000
2025/11/04-09:37:39.793811 1fd4             Options.allow_data_in_errors: 0
2025/11/04-09:37:39.793817 1fd4             Options.db_host_id: __hostname__
2025/11/04-09:37:39.793822 1fd4             Options.enforce_single_del_contracts: true
2025/11/04-09:37:39.793829 1fd4             Options.metadata_write_temperature: kUnknown
2025/11/04-09:37:39.793835 1fd4             Options.wal_write_temperature: kUnknown
2025/11/04-09:37:39.793840 1fd4             Options.max_background_jobs: 2
2025/11/04-09:37:39.793846 1fd4             Options.max_background_compactions: -1
2025/11/04-09:37:39.793851 1fd4             Options.max_subcompactions: 1
2025/11/04-09:37:39.793857 1fd4             Options.avoid_flush_during_shutdown: 0
2025/11/04-09:37:39.793862 1fd4           Options.writable_file_max_buffer_size: 1048576
2025/11/04-09:37:39.793868 1fd4             Options.delayed_write_rate : 16777216
2025/11/04-09:37:39.793873 1fd4             Options.max_total_wal_size: 1073741824
2025/11/04-09:37:39.793880 1fd4             Options.delete_obsolete_files_period_micros: 21600000000
2025/11/04-09:37:39.793886 1fd4                   Options.stats_dump_period_sec: 600
2025/11/04-09:37:39.793891 1fd4                 Options.stats_persist_period_sec: 600
2025/11/04-09:37:39.793897 1fd4                 Options.stats_history_buffer_size: 1048576
2025/11/04-09:37:39.793902 1fd4                          Options.max_open_files: 1024
2025/11/04-09:37:39.793907 1fd4                          Options.bytes_per_sync: 0
2025/11/04-09:37:39.793913 1fd4                      Options.wal_bytes_per_sync: 0
2025/11/04-09:37:39.793944 1fd4                   Options.strict_bytes_per_sync: 0
2025/11/04-09:37:39.793953 1fd4       Options.compaction_readahead_size: 2097152
2025/11/04-09:37:39.793959 1fd4                  Options.max_background_flushes: -1
2025/11/04-09:37:39.793964 1fd4 Options.daily_offpeak_time_utc: 
2025/11/04-09:37:39.793980 1fd4 Compression algorithms supported:
2025/11/04-09:37:39.793987 1fd4 	kZSTD supported: 1
2025/11/04-09:37:39.793993 1fd4 	kSnappyCompression supported: 1
2025/11/04-09:37:39.793998 1fd4 	kBZip2Compression supported: 0
2025/11/04-09:37:39.794004 1fd4 	kZlibCompression supported: 1
2025/11/04-09:37:39.794009 1fd4 	kLZ4Compression supported: 1
2025/11/04-09:37:39.794015 1fd4 	kXpressCompression supported: 0
2025/11/04-09:37:39.794020 1fd4 	kLZ4HCCompression supported: 1
2025/11/04-09:37:39.794026 1fd4 	kZSTDNotFinalCompression supported: 1
2025/11/04-09:37:39.794032 1fd4 Fast CRC32 supported: Not supported on x86
2025/11/04-09:37:39.794037 1fd4 DMutex implementation: std::mutex
2025/11/04-09:37:39.794043 1fd4 Jemalloc supported: 0
2025/11/04-09:37:39.795949 1fd4 [db\version_set.cc:6068] Recovering from manifest file: C:\Users\SA01\BOECHAIN\node2\data\database/MANIFEST-000116
2025/11/04-09:37:39.796562 1fd4 [db\column_family.cc:629] --------------- Options for column family [default]:
2025/11/04-09:37:39.796590 1fd4               Options.comparator: leveldb.BytewiseComparator
2025/11/04-09:37:39.796603 1fd4           Options.merge_operator: None
2025/11/04-09:37:39.796609 1fd4        Options.compaction_filter: None
2025/11/04-09:37:39.796614 1fd4        Options.compaction_filter_factory: None
2025/11/04-09:37:39.796620 1fd4  Options.sst_partitioner_factory: None
2025/11/04-09:37:39.796625 1fd4         Options.memtable_factory: SkipListFactory
2025/11/04-09:37:39.796631 1fd4            Options.table_factory: BlockBasedTable
2025/11/04-09:37:39.796686 1fd4            table_factory options:   flush_block_policy_factory: FlushBlockBySizePolicyFactory (00000251ECC9D400)
  cache_index_and_filter_blocks: 0
  cache_index_and_filter_blocks_with_high_priority: 1
  pin_l0_filter_and_index_blocks_in_cache: 0
  pin_top_level_index_and_filter: 1
  index_type: 0
  data_block_index_type: 0
  index_shortening: 1
  data_block_hash_table_util_ratio: 0.750000
  checksum: 4
  no_block_cache: 0
  block_cache: 00000251EBED7920
  block_cache_name: LRUCache
  block_cache_options:
    capacity : 134217728
    num_shard_bits : 6
    strict_capacity_limit : 0
    memory_allocator : None
    high_pri_pool_ratio: 0.000
    low_pri_pool_ratio: 0.000
  persistent_cache: 0000000000000000
  block_size: 32768
  block_size_deviation: 10
  block_restart_interval: 16
  index_block_restart_interval: 1
  metadata_block_size: 4096
  partition_filters: 0
  use_delta_encoding: 1
  filter_policy: bloomfilter
  whole_key_filtering: 1
  verify_compression: 0
  read_amp_bytes_per_bit: 0
  format_version: 5
  enable_index_compression: 1
  block_align: 0
  max_auto_readahead_size: 262144
  prepopulate_block_cache: 0
  initial_auto_readahead_size: 8192
  num_file_reads_for_auto_readahead: 2
2025/11/04-09:37:39.796695 1fd4        Options.write_buffer_size: 67108864
2025/11/04-09:37:39.796701 1fd4  Options.max_write_buffer_number: 2
2025/11/04-09:37:39.796707 1fd4          Options.compression: LZ4
2025/11/04-09:37:39.796712 1fd4                  Options.bottommost_compression: Disabled
2025/11/04-09:37:39.796718 1fd4       Options.prefix_extractor: nullptr
2025/11/04-09:37:39.796724 1fd4   Options.memtable_insert_with_hint_prefix_extractor: nullptr
2025/11/04-09:37:39.796730 1fd4             Options.num_levels: 7
2025/11/04-09:37:39.796736 1fd4        Options.min_write_buffer_number_to_merge: 1
2025/11/04-09:37:39.796741 1fd4     Options.max_write_buffer_number_to_maintain: 0
2025/11/04-09:37:39.796747 1fd4     Options.max_write_buffer_size_to_maintain: 134217728
2025/11/04-09:37:39.796753 1fd4            Options.bottommost_compression_opts.window_bits: -14
2025/11/04-09:37:39.796772 1fd4                  Options.bottommost_compression_opts.level: 32767
2025/11/04-09:37:39.796782 1fd4               Options.bottommost_compression_opts.strategy: 0
2025/11/04-09:37:39.796790 1fd4         Options.bottommost_compression_opts.max_dict_bytes: 0
2025/11/04-09:37:39.796796 1fd4         Options.bottommost_compression_opts.zstd_max_train_bytes: 0
2025/11/04-09:37:39.796802 1fd4         Options.bottommost_compression_opts.parallel_threads: 1
2025/11/04-09:37:39.796808 1fd4                  Options.bottommost_compression_opts.enabled: false
2025/11/04-09:37:39.796814 1fd4         Options.bottommost_compression_opts.max_dict_buffer_bytes: 0
2025/11/04-09:37:39.796820 1fd4         Options.bottommost_compression_opts.use_zstd_dict_trainer: true
2025/11/04-09:37:39.796826 1fd4            Options.compression_opts.window_bits: -14
2025/11/04-09:37:39.796832 1fd4                  Options.compression_opts.level: 32767
2025/11/04-09:37:39.796837 1fd4               Options.compression_opts.strategy: 0
2025/11/04-09:37:39.796843 1fd4         Options.compression_opts.max_dict_bytes: 0
2025/11/04-09:37:39.796848 1fd4         Options.compression_opts.zstd_max_train_bytes: 0
2025/11/04-09:37:39.796854 1fd4         Options.compression_opts.use_zstd_dict_trainer: true
2025/11/04-09:37:39.796859 1fd4         Options.compression_opts.parallel_threads: 1
2025/11/04-09:37:39.796865 1fd4                  Options.compression_opts.enabled: false
2025/11/04-09:37:39.796871 1fd4         Options.compression_opts.max_dict_buffer_bytes: 0
2025/11/04-09:37:39.796876 1fd4      Options.level0_file_num_compaction_trigger: 4
2025/11/04-09:37:39.796882 1fd4          Options.level0_slowdown_writes_trigger: 20
2025/11/04-09:37:39.796887 1fd4              Options.level0_stop_writes_trigger: 36
2025/11/04-09:37:39.796893 1fd4                   Options.target_file_size_base: 67108864
2025/11/04-09:37:39.796898 1fd4             Options.target_file_size_multiplier: 1
2025/11/04-09:37:39.796904 1fd4                Options.max_bytes_for_level_base: 268435456
2025/11/04-09:37:39.796909 1fd4 Options.level_compaction_dynamic_level_bytes: 1
2025/11/04-09:37:39.796916 1fd4          Options.max_bytes_for_level_multiplier: 10.000000
2025/11/04-09:37:39.796922 1fd4 Options.max_bytes_for_level_multiplier_addtl[0]: 1
2025/11/04-09:37:39.796928 1fd4 Options.max_bytes_for_level_multiplier_addtl[1]: 1
2025/11/04-09:37:39.796934 1fd4 Options.max_bytes_for_level_multiplier_addtl[2]: 1
2025/11/04-09:37:39.796939 1fd4 Options.max_bytes_for_level_multiplier_addtl[3]: 1
2025/11/04-09:37:39.796944 1fd4 Options.max_bytes_for_level_multiplier_addtl[4]: 1
2025/11/04-09:37:39.796950 1fd4 Options.max_bytes_for_level_multiplier_addtl[5]: 1
2025/11/04-09:37:39.796955 1fd4 Options.max_bytes_for_level_multiplier_addtl[6]: 1
2025/11/04-09:37:39.796961 1fd4       Options.max_sequential_skip_in_iterations: 8
2025/11/04-09:37:39.796967 1fd4                    Options.max_compaction_bytes: 1677721600
2025/11/04-09:37:39.796972 1fd4                        Options.arena_block_size: 1048576
2025/11/04-09:37:39.796978 1fd4   Options.soft_pending_compaction_bytes_limit: 68719476736
2025/11/04-09:37:39.796983 1fd4   Options.hard_pending_compaction_bytes_limit: 274877906944
2025/11/04-09:37:39.796989 1fd4                Options.disable_auto_compactions: 0
2025/11/04-09:37:39.796996 1fd4                        Options.compaction_style: kCompactionStyleLevel
2025/11/04-09:37:39.797002 1fd4                          Options.compaction_pri: kMinOverlappingRatio
2025/11/04-09:37:39.797008 1fd4 Options.compaction_options_universal.size_ratio: 1
2025/11/04-09:37:39.797014 1fd4 Options.compaction_options_universal.min_merge_width: 2
2025/11/04-09:37:39.797019 1fd4 Options.compaction_options_universal.max_merge_width: 4294967295
2025/11/04-09:37:39.797025 1fd4 Options.compaction_options_universal.max_size_amplification_percent: 200
2025/11/04-09:37:39.797032 1fd4 Options.compaction_options_universal.compression_size_percent: -1
2025/11/04-09:37:39.797040 1fd4 Options.compaction_options_universal.stop_style: kCompactionStopStyleTotalSize
2025/11/04-09:37:39.797046 1fd4 Options.compaction_options_universal.max_read_amp: -1
2025/11/04-09:37:39.797101 1fd4 Options.compaction_options_fifo.max_table_files_size: 1073741824
2025/11/04-09:37:39.797110 1fd4 Options.compaction_options_fifo.allow_compaction: 0
2025/11/04-09:37:39.797119 1fd4                   Options.table_properties_collectors: 
2025/11/04-09:37:39.797125 1fd4                   Options.inplace_update_support: 0
2025/11/04-09:37:39.797130 1fd4                 Options.inplace_update_num_locks: 10000
2025/11/04-09:37:39.797136 1fd4               Options.memtable_prefix_bloom_size_ratio: 0.000000
2025/11/04-09:37:39.797150 1fd4               Options.memtable_whole_key_filtering: 0
2025/11/04-09:37:39.797156 1fd4   Options.memtable_huge_page_size: 0
2025/11/04-09:37:39.797162 1fd4                           Options.bloom_locality: 0
2025/11/04-09:37:39.797167 1fd4                    Options.max_successive_merges: 0
2025/11/04-09:37:39.797173 1fd4             Options.strict_max_successive_merges: 0
2025/11/04-09:37:39.797178 1fd4                Options.optimize_filters_for_hits: 0
2025/11/04-09:37:39.797184 1fd4                Options.paranoid_file_checks: 0
2025/11/04-09:37:39.797189 1fd4                Options.force_consistency_checks: 1
2025/11/04-09:37:39.797194 1fd4                Options.report_bg_io_stats: 0
2025/11/04-09:37:39.797200 1fd4                               Options.ttl: 0
2025/11/04-09:37:39.797205 1fd4          Options.periodic_compaction_seconds: 0
2025/11/04-09:37:39.797211 1fd4                        Options.default_temperature: kUnknown
2025/11/04-09:37:39.797217 1fd4  Options.preclude_last_level_data_seconds: 0
2025/11/04-09:37:39.797222 1fd4    Options.preserve_internal_time_seconds: 0
2025/11/04-09:37:39.797227 1fd4                       Options.enable_blob_files: false
2025/11/04-09:37:39.797233 1fd4                           Options.min_blob_size: 0
2025/11/04-09:37:39.797239 1fd4                          Options.blob_file_size: 268435456
2025/11/04-09:37:39.797244 1fd4                   Options.blob_compression_type: NoCompression
2025/11/04-09:37:39.797250 1fd4          Options.enable_blob_garbage_collection: false
2025/11/04-09:37:39.797256 1fd4      Options.blob_garbage_collection_age_cutoff: 0.250000
2025/11/04-09:37:39.797263 1fd4 Options.blob_garbage_collection_force_threshold: 1.000000
2025/11/04-09:37:39.797268 1fd4          Options.blob_compaction_readahead_size: 0
2025/11/04-09:37:39.797274 1fd4                Options.blob_file_starting_level: 0
2025/11/04-09:37:39.797279 1fd4         Options.experimental_mempurge_threshold: 0.000000
2025/11/04-09:37:39.797285 1fd4            Options.memtable_max_range_deletions: 0
2025/11/04-09:37:39.797550 1fd4 [db\column_family.cc:629] --------------- Options for column family []:
2025/11/04-09:37:39.797562 1fd4               Options.comparator: leveldb.BytewiseComparator
2025/11/04-09:37:39.797568 1fd4           Options.merge_operator: None
2025/11/04-09:37:39.797574 1fd4        Options.compaction_filter: None
2025/11/04-09:37:39.797579 1fd4        Options.compaction_filter_factory: None
2025/11/04-09:37:39.797584 1fd4  Options.sst_partitioner_factory: None
2025/11/04-09:37:39.797590 1fd4         Options.memtable_factory: SkipListFactory
2025/11/04-09:37:39.797596 1fd4            Options.table_factory: BlockBasedTable
2025/11/04-09:37:39.797631 1fd4            table_factory options:   flush_block_policy_factory: FlushBlockBySizePolicyFactory (00000251ED72B680)
  cache_index_and_filter_blocks: 0
  cache_index_and_filter_blocks_with_high_priority: 1
  pin_l0_filter_and_index_blocks_in_cache: 0
  pin_top_level_index_and_filter: 1
  index_type: 0
  data_block_index_type: 0
  index_shortening: 1
  data_block_hash_table_util_ratio: 0.750000
  checksum: 4
  no_block_cache: 0
  block_cache: 00000251EBED72C0
  block_cache_name: LRUCache
  block_cache_options:
    capacity : 134217728
    num_shard_bits : 6
    strict_capacity_limit : 0
    memory_allocator : None
    high_pri_pool_ratio: 0.000
    low_pri_pool_ratio: 0.000
  persistent_cache: 0000000000000000
  block_size: 32768
  block_size_deviation: 10
  block_restart_interval: 16
  index_block_restart_interval: 1
  metadata_block_size: 4096
  partition_filters: 0
  use_delta_encoding: 1
  filter_policy: bloomfilter
  whole_key_filtering: 1
  verify_compression: 0
  read_amp_bytes_per_bit: 0
  format_version: 5
  enable_index_compression: 1
  block_align: 0
  max_auto_readahead_size: 262144
  prepopulate_block_cache: 0
  initial_auto_readahead_size: 8192
  num_file_reads_for_auto_readahead: 2
2025/11/04-09:37:39.797641 1fd4        Options.write_buffer_size: 67108864
2025/11/04-09:37:39.797648 1fd4  Options.max_write_buffer_number: 2
2025/11/04-09:37:39.797654 1fd4          Options.compression: LZ4
2025/11/04-09:37:39.797660 1fd4                  Options.bottommost_compression: Disabled
2025/11/04-09:37:39.797665 1fd4       Options.prefix_extractor: nullptr
2025/11/04-09:37:39.797671 1fd4   Options.memtable_insert_with_hint_prefix_extractor: nullptr
2025/11/04-09:37:39.797677 1fd4             Options.num_levels: 7
2025/11/04-09:37:39.797682 1fd4        Options.min_write_buffer_number_to_merge: 1
2025/11/04-09:37:39.797687 1fd4     Options.max_write_buffer_number_to_maintain: 0
2025/11/04-09:37:39.797693 1fd4     Options.max_write_buffer_size_to_maintain: 134217728
2025/11/04-09:37:39.797699 1fd4            Options.bottommost_compression_opts.window_bits: -14
2025/11/04-09:37:39.797704 1fd4                  Options.bottommost_compression_opts.level: 32767
2025/11/04-09:37:39.797710 1fd4               Options.bottommost_compression_opts.strategy: 0
2025/11/04-09:37:39.797716 1fd4         Options.bottommost_compression_opts.max_dict_bytes: 0
2025/11/04-09:37:39.797722 1fd4         Options.bottommost_compression_opts.zstd_max_train_bytes: 0
2025/11/04-09:37:39.797727 1fd4         Options.bottommost_compression_opts.parallel_threads: 1
2025/11/04-09:37:39.797733 1fd4                  Options.bottommost_compression_opts.enabled: false
2025/11/04-09:37:39.797739 1fd4         Options.bottommost_compression_opts.max_dict_buffer_bytes: 0
2025/11/04-09:37:39.797744 1fd4         Options.bottommost_compression_opts.use_zstd_dict_trainer: true
2025/11/04-09:37:39.797750 1fd4            Options.compression_opts.window_bits: -14
2025/11/04-09:37:39.797756 1fd4                  Options.compression_opts.level: 32767
2025/11/04-09:37:39.797761 1fd4               Options.compression_opts.strategy: 0
2025/11/04-09:37:39.797767 1fd4         Options.compression_opts.max_dict_bytes: 0
2025/11/04-09:37:39.797773 1fd4         Options.compression_opts.zstd_max_train_bytes: 0
2025/11/04-09:37:39.797778 1fd4         Options.compression_opts.use_zstd_dict_trainer: true
2025/11/04-09:37:39.797784 1fd4         Options.compression_opts.parallel_threads: 1
2025/11/04-09:37:39.797789 1fd4                  Options.compression_opts.enabled: false
2025/11/04-09:37:39.797795 1fd4         Options.compression_opts.max_dict_buffer_bytes: 0
2025/11/04-09:37:39.797801 1fd4      Options.level0_file_num_compaction_trigger: 4
2025/11/04-09:37:39.797806 1fd4          Options.level0_slowdown_writes_trigger: 20
2025/11/04-09:37:39.797812 1fd4              Options.level0_stop_writes_trigger: 36
2025/11/04-09:37:39.797817 1fd4                   Options.target_file_size_base: 67108864
2025/11/04-09:37:39.797823 1fd4             Options.target_file_size_multiplier: 1
2025/11/04-09:37:39.797828 1fd4                Options.max_bytes_for_level_base: 268435456
2025/11/04-09:37:39.797834 1fd4 Options.level_compaction_dynamic_level_bytes: 1
2025/11/04-09:37:39.797853 1fd4          Options.max_bytes_for_level_multiplier: 10.000000
2025/11/04-09:37:39.797861 1fd4 Options.max_bytes_for_level_multiplier_addtl[0]: 1
2025/11/04-09:37:39.797867 1fd4 Options.max_bytes_for_level_multiplier_addtl[1]: 1
2025/11/04-09:37:39.797873 1fd4 Options.max_bytes_for_level_multiplier_addtl[2]: 1
2025/11/04-09:37:39.797879 1fd4 Options.max_bytes_for_level_multiplier_addtl[3]: 1
2025/11/04-09:37:39.797884 1fd4 Options.max_bytes_for_level_multiplier_addtl[4]: 1
2025/11/04-09:37:39.797890 1fd4 Options.max_bytes_for_level_multiplier_addtl[5]: 1
2025/11/04-09:37:39.797898 1fd4 Options.max_bytes_for_level_multiplier_addtl[6]: 1
2025/11/04-09:37:39.797905 1fd4       Options.max_sequential_skip_in_iterations: 8
2025/11/04-09:37:39.797911 1fd4                    Options.max_compaction_bytes: 1677721600
2025/11/04-09:37:39.797916 1fd4                        Options.arena_block_size: 1048576
2025/11/04-09:37:39.797922 1fd4   Options.soft_pending_compaction_bytes_limit: 68719476736
2025/11/04-09:37:39.797928 1fd4   Options.hard_pending_compaction_bytes_limit: 274877906944
2025/11/04-09:37:39.797933 1fd4                Options.disable_auto_compactions: 0
2025/11/04-09:37:39.797939 1fd4                        Options.compaction_style: kCompactionStyleLevel
2025/11/04-09:37:39.797946 1fd4                          Options.compaction_pri: kMinOverlappingRatio
2025/11/04-09:37:39.797951 1fd4 Options.compaction_options_universal.size_ratio: 1
2025/11/04-09:37:39.797957 1fd4 Options.compaction_options_universal.min_merge_width: 2
2025/11/04-09:37:39.797963 1fd4 Options.compaction_options_universal.max_merge_width: 4294967295
2025/11/04-09:37:39.797968 1fd4 Options.compaction_options_universal.max_size_amplification_percent: 200
2025/11/04-09:37:39.797974 1fd4 Options.compaction_options_universal.compression_size_percent: -1
2025/11/04-09:37:39.797980 1fd4 Options.compaction_options_universal.stop_style: kCompactionStopStyleTotalSize
2025/11/04-09:37:39.797986 1fd4 Options.compaction_options_universal.max_read_amp: -1
2025/11/04-09:37:39.797992 1fd4 Options.compaction_options_fifo.max_table_files_size: 1073741824
2025/11/04-09:37:39.797998 1fd4 Options.compaction_options_fifo.allow_compaction: 0
2025/11/04-09:37:39.798005 1fd4                   Options.table_properties_collectors: 
2025/11/04-09:37:39.798011 1fd4                   Options.inplace_update_support: 0
2025/11/04-09:37:39.798016 1fd4                 Options.inplace_update_num_locks: 10000
2025/11/04-09:37:39.798022 1fd4               Options.memtable_prefix_bloom_size_ratio: 0.000000
2025/11/04-09:37:39.798028 1fd4               Options.memtable_whole_key_filtering: 0
2025/11/04-09:37:39.798034 1fd4   Options.memtable_huge_page_size: 0
2025/11/04-09:37:39.798039 1fd4                           Options.bloom_locality: 0
2025/11/04-09:37:39.798045 1fd4                    Options.max_successive_merges: 0
2025/11/04-09:37:39.798050 1fd4             Options.strict_max_successive_merges: 0
2025/11/04-09:37:39.798056 1fd4                Options.optimize_filters_for_hits: 0
2025/11/04-09:37:39.798061 1fd4                Options.paranoid_file_checks: 0
2025/11/04-09:37:39.798067 1fd4                Options.force_consistency_checks: 1
2025/11/04-09:37:39.798072 1fd4                Options.report_bg_io_stats: 0
2025/11/04-09:37:39.798078 1fd4                               Options.ttl: 0
2025/11/04-09:37:39.798084 1fd4          Options.periodic_compaction_seconds: 0
2025/11/04-09:37:39.798090 1fd4                        Options.default_temperature: kUnknown
2025/11/04-09:37:39.798095 1fd4  Options.preclude_last_level_data_seconds: 0
2025/11/04-09:37:39.798101 1fd4    Options.preserve_internal_time_seconds: 0
2025/11/04-09:37:39.798106 1fd4                       Options.enable_blob_files: true
2025/11/04-09:37:39.798112 1fd4                           Options.min_blob_size: 100
2025/11/04-09:37:39.798118 1fd4                          Options.blob_file_size: 268435456
2025/11/04-09:37:39.798123 1fd4                   Options.blob_compression_type: LZ4
2025/11/04-09:37:39.798129 1fd4          Options.enable_blob_garbage_collection: false
2025/11/04-09:37:39.798135 1fd4      Options.blob_garbage_collection_age_cutoff: 0.250000
2025/11/04-09:37:39.798141 1fd4 Options.blob_garbage_collection_force_threshold: 1.000000
2025/11/04-09:37:39.798147 1fd4          Options.blob_compaction_readahead_size: 0
2025/11/04-09:37:39.798153 1fd4                Options.blob_file_starting_level: 0
2025/11/04-09:37:39.798158 1fd4         Options.experimental_mempurge_threshold: 0.000000
2025/11/04-09:37:39.798164 1fd4            Options.memtable_max_range_deletions: 0
2025/11/04-09:37:39.798283 1fd4 [db\column_family.cc:629] --------------- Options for column family []:
2025/11/04-09:37:39.798295 1fd4               Options.comparator: leveldb.BytewiseComparator
2025/11/04-09:37:39.798301 1fd4           Options.merge_operator: None
2025/11/04-09:37:39.798306 1fd4        Options.compaction_filter: None
2025/11/04-09:37:39.798312 1fd4        Options.compaction_filter_factory: None
2025/11/04-09:37:39.798317 1fd4  Options.sst_partitioner_factory: None
2025/11/04-09:37:39.798322 1fd4         Options.memtable_factory: SkipListFactory
2025/11/04-09:37:39.798328 1fd4            Options.table_factory: BlockBasedTable
2025/11/04-09:37:39.798359 1fd4            table_factory options:   flush_block_policy_factory: FlushBlockBySizePolicyFactory (00000251ED731D10)
  cache_index_and_filter_blocks: 0
  cache_index_and_filter_blocks_with_high_priority: 1
  pin_l0_filter_and_index_blocks_in_cache: 0
  pin_top_level_index_and_filter: 1
  index_type: 0
  data_block_index_type: 0
  index_shortening: 1
  data_block_hash_table_util_ratio: 0.750000
  checksum: 4
  no_block_cache: 0
  block_cache: 00000251EBED4FB0
  block_cache_name: LRUCache
  block_cache_options:
    capacity : 134217728
    num_shard_bits : 6
    strict_capacity_limit : 0
    memory_allocator : None
    high_pri_pool_ratio: 0.000
    low_pri_pool_ratio: 0.000
  persistent_cache: 0000000000000000
  block_size: 32768
  block_size_deviation: 10
  block_restart_interval: 16
  index_block_restart_interval: 1
  metadata_block_size: 4096
  partition_filters: 0
  use_delta_encoding: 1
  filter_policy: bloomfilter
  whole_key_filtering: 1
  verify_compression: 0
  read_amp_bytes_per_bit: 0
  format_version: 5
  enable_index_compression: 1
  block_align: 0
  max_auto_readahead_size: 262144
  prepopulate_block_cache: 0
  initial_auto_readahead_size: 8192
  num_file_reads_for_auto_readahead: 2
2025/11/04-09:37:39.798366 1fd4        Options.write_buffer_size: 67108864
2025/11/04-09:37:39.798372 1fd4  Options.max_write_buffer_number: 2
2025/11/04-09:37:39.798378 1fd4          Options.compression: LZ4
2025/11/04-09:37:39.798383 1fd4                  Options.bottommost_compression: Disabled
2025/11/04-09:37:39.798389 1fd4       Options.prefix_extractor: nullptr
2025/11/04-09:37:39.798394 1fd4   Options.memtable_insert_with_hint_prefix_extractor: nullptr
2025/11/04-09:37:39.798400 1fd4             Options.num_levels: 7
2025/11/04-09:37:39.798405 1fd4        Options.min_write_buffer_number_to_merge: 1
2025/11/04-09:37:39.798411 1fd4     Options.max_write_buffer_number_to_maintain: 0
2025/11/04-09:37:39.798417 1fd4     Options.max_write_buffer_size_to_maintain: 134217728
2025/11/04-09:37:39.798422 1fd4            Options.bottommost_compression_opts.window_bits: -14
2025/11/04-09:37:39.798428 1fd4                  Options.bottommost_compression_opts.level: 32767
2025/11/04-09:37:39.798433 1fd4               Options.bottommost_compression_opts.strategy: 0
2025/11/04-09:37:39.798439 1fd4         Options.bottommost_compression_opts.max_dict_bytes: 0
2025/11/04-09:37:39.798445 1fd4         Options.bottommost_compression_opts.zstd_max_train_bytes: 0
2025/11/04-09:37:39.798451 1fd4         Options.bottommost_compression_opts.parallel_threads: 1
2025/11/04-09:37:39.798456 1fd4                  Options.bottommost_compression_opts.enabled: false
2025/11/04-09:37:39.798462 1fd4         Options.bottommost_compression_opts.max_dict_buffer_bytes: 0
2025/11/04-09:37:39.798468 1fd4         Options.bottommost_compression_opts.use_zstd_dict_trainer: true
2025/11/04-09:37:39.798474 1fd4            Options.compression_opts.window_bits: -14
2025/11/04-09:37:39.798480 1fd4                  Options.compression_opts.level: 32767
2025/11/04-09:37:39.798488 1fd4               Options.compression_opts.strategy: 0
2025/11/04-09:37:39.798494 1fd4         Options.compression_opts.max_dict_bytes: 0
2025/11/04-09:37:39.798500 1fd4         Options.compression_opts.zstd_max_train_bytes: 0
2025/11/04-09:37:39.798506 1fd4         Options.compression_opts.use_zstd_dict_trainer: true
2025/11/04-09:37:39.798544 1fd4         Options.compression_opts.parallel_threads: 1
2025/11/04-09:37:39.798553 1fd4                  Options.compression_opts.enabled: false
2025/11/04-09:37:39.798558 1fd4         Options.compression_opts.max_dict_buffer_bytes: 0
2025/11/04-09:37:39.798564 1fd4      Options.level0_file_num_compaction_trigger: 4
2025/11/04-09:37:39.798570 1fd4          Options.level0_slowdown_writes_trigger: 20
2025/11/04-09:37:39.798575 1fd4              Options.level0_stop_writes_trigger: 36
2025/11/04-09:37:39.798581 1fd4                   Options.target_file_size_base: 67108864
2025/11/04-09:37:39.798586 1fd4             Options.target_file_size_multiplier: 1
2025/11/04-09:37:39.798592 1fd4                Options.max_bytes_for_level_base: 268435456
2025/11/04-09:37:39.798597 1fd4 Options.level_compaction_dynamic_level_bytes: 1
2025/11/04-09:37:39.798603 1fd4          Options.max_bytes_for_level_multiplier: 10.000000
2025/11/04-09:37:39.798609 1fd4 Options.max_bytes_for_level_multiplier_addtl[0]: 1
2025/11/04-09:37:39.798615 1fd4 Options.max_bytes_for_level_multiplier_addtl[1]: 1
2025/11/04-09:37:39.798620 1fd4 Options.max_bytes_for_level_multiplier_addtl[2]: 1
2025/11/04-09:37:39.798626 1fd4 Options.max_bytes_for_level_multiplier_addtl[3]: 1
2025/11/04-09:37:39.798632 1fd4 Options.max_bytes_for_level_multiplier_addtl[4]: 1
2025/11/04-09:37:39.798637 1fd4 Options.max_bytes_for_level_multiplier_addtl[5]: 1
2025/11/04-09:37:39.798642 1fd4 Options.max_bytes_for_level_multiplier_addtl[6]: 1
2025/11/04-09:37:39.798648 1fd4       Options.max_sequential_skip_in_iterations: 8
2025/11/04-09:37:39.798653 1fd4                    Options.max_compaction_bytes: 1677721600
2025/11/04-09:37:39.798659 1fd4                        Options.arena_block_size: 1048576
2025/11/04-09:37:39.798665 1fd4   Options.soft_pending_compaction_bytes_limit: 68719476736
2025/11/04-09:37:39.798670 1fd4   Options.hard_pending_compaction_bytes_limit: 274877906944
2025/11/04-09:37:39.798676 1fd4                Options.disable_auto_compactions: 0
2025/11/04-09:37:39.798682 1fd4                        Options.compaction_style: kCompactionStyleLevel
2025/11/04-09:37:39.798687 1fd4                          Options.compaction_pri: kMinOverlappingRatio
2025/11/04-09:37:39.798693 1fd4 Options.compaction_options_universal.size_ratio: 1
2025/11/04-09:37:39.798698 1fd4 Options.compaction_options_universal.min_merge_width: 2
2025/11/04-09:37:39.798704 1fd4 Options.compaction_options_universal.max_merge_width: 4294967295
2025/11/04-09:37:39.798710 1fd4 Options.compaction_options_universal.max_size_amplification_percent: 200
2025/11/04-09:37:39.798715 1fd4 Options.compaction_options_universal.compression_size_percent: -1
2025/11/04-09:37:39.798721 1fd4 Options.compaction_options_universal.stop_style: kCompactionStopStyleTotalSize
2025/11/04-09:37:39.798727 1fd4 Options.compaction_options_universal.max_read_amp: -1
2025/11/04-09:37:39.798732 1fd4 Options.compaction_options_fifo.max_table_files_size: 1073741824
2025/11/04-09:37:39.798738 1fd4 Options.compaction_options_fifo.allow_compaction: 0
2025/11/04-09:37:39.798745 1fd4                   Options.table_properties_collectors: 
2025/11/04-09:37:39.798751 1fd4                   Options.inplace_update_support: 0
2025/11/04-09:37:39.798756 1fd4                 Options.inplace_update_num_locks: 10000
2025/11/04-09:37:39.798778 1fd4               Options.memtable_prefix_bloom_size_ratio: 0.000000
2025/11/04-09:37:39.798785 1fd4               Options.memtable_whole_key_filtering: 0
2025/11/04-09:37:39.798790 1fd4   Options.memtable_huge_page_size: 0
2025/11/04-09:37:39.798796 1fd4                           Options.bloom_locality: 0
2025/11/04-09:37:39.798801 1fd4                    Options.max_successive_merges: 0
2025/11/04-09:37:39.798807 1fd4             Options.strict_max_successive_merges: 0
2025/11/04-09:37:39.798812 1fd4                Options.optimize_filters_for_hits: 0
2025/11/04-09:37:39.798818 1fd4                Options.paranoid_file_checks: 0
2025/11/04-09:37:39.798825 1fd4                Options.force_consistency_checks: 1
2025/11/04-09:37:39.798832 1fd4                Options.report_bg_io_stats: 0
2025/11/04-09:37:39.798837 1fd4                               Options.ttl: 0
2025/11/04-09:37:39.798843 1fd4          Options.periodic_compaction_seconds: 0
2025/11/04-09:37:39.798849 1fd4                        Options.default_temperature: kUnknown
2025/11/04-09:37:39.798854 1fd4  Options.preclude_last_level_data_seconds: 0
2025/11/04-09:37:39.798860 1fd4    Options.preserve_internal_time_seconds: 0
2025/11/04-09:37:39.798865 1fd4                       Options.enable_blob_files: false
2025/11/04-09:37:39.798871 1fd4                           Options.min_blob_size: 0
2025/11/04-09:37:39.798876 1fd4                          Options.blob_file_size: 268435456
2025/11/04-09:37:39.798894 1fd4                   Options.blob_compression_type: NoCompression
2025/11/04-09:37:39.798900 1fd4          Options.enable_blob_garbage_collection: false
2025/11/04-09:37:39.798906 1fd4      Options.blob_garbage_collection_age_cutoff: 0.250000
2025/11/04-09:37:39.798913 1fd4 Options.blob_garbage_collection_force_threshold: 1.000000
2025/11/04-09:37:39.798918 1fd4          Options.blob_compaction_readahead_size: 0
2025/11/04-09:37:39.798924 1fd4                Options.blob_file_starting_level: 0
2025/11/04-09:37:39.798929 1fd4         Options.experimental_mempurge_threshold: 0.000000
2025/11/04-09:37:39.798935 1fd4            Options.memtable_max_range_deletions: 0
2025/11/04-09:37:39.799003 1fd4 [db\column_family.cc:629] --------------- Options for column family []:
2025/11/04-09:37:39.799013 1fd4               Options.comparator: leveldb.BytewiseComparator
2025/11/04-09:37:39.799019 1fd4           Options.merge_operator: None
2025/11/04-09:37:39.799024 1fd4        Options.compaction_filter: None
2025/11/04-09:37:39.799029 1fd4        Options.compaction_filter_factory: None
2025/11/04-09:37:39.799035 1fd4  Options.sst_partitioner_factory: None
2025/11/04-09:37:39.799040 1fd4         Options.memtable_factory: SkipListFactory
2025/11/04-09:37:39.799046 1fd4            Options.table_factory: BlockBasedTable
2025/11/04-09:37:39.799079 1fd4            table_factory options:   flush_block_policy_factory: FlushBlockBySizePolicyFactory (00000251ED725890)
  cache_index_and_filter_blocks: 0
  cache_index_and_filter_blocks_with_high_priority: 1
  pin_l0_filter_and_index_blocks_in_cache: 0
  pin_top_level_index_and_filter: 1
  index_type: 0
  data_block_index_type: 0
  index_shortening: 1
  data_block_hash_table_util_ratio: 0.750000
  checksum: 4
  no_block_cache: 0
  block_cache: 00000251EBED8090
  block_cache_name: LRUCache
  block_cache_options:
    capacity : 134217728
    num_shard_bits : 6
    strict_capacity_limit : 0
    memory_allocator : None
    high_pri_pool_ratio: 0.000
    low_pri_pool_ratio: 0.000
  persistent_cache: 0000000000000000
  block_size: 32768
  block_size_deviation: 10
  block_restart_interval: 16
  index_block_restart_interval: 1
  metadata_block_size: 4096
  partition_filters: 0
  use_delta_encoding: 1
